genetic-navigation-network v1
18,10,5
0.216616035
-0.150825977
0.744314432
1.20602465
1.07540584
0.148881316
-2.08262539
-0.0129455924
0.282605916
0.3303728
-0.7041417
-0.376687646
1.19365025
-0.3531958
-0.170920968
0.009339809
0.197171539
-0.264463067
-0.08895308
1.17064893
0.01412037
-0.4312039
-0.385414958
-0.102810144
-1.05140281
-0.623995
0.725340843
0.07335788
-0.775185
-0.665354848
-0.308841616
0.2882136
-0.456072479
-0.299358845
1.55843163
-0.747845948
1.19960868
0.7325959
0.256701857
-0.15218091
0.7794742
-0.262409925
-0.0407981277
0.262743473
-0.2896438
1.80015886
0.275922179
-1.51689672
0.423829615
0.9573715
-0.245024055
-0.837859452
-1.49679923
-0.119564
0.370223463
-1.391078
0.262696177
0.185095042
-0.416760981
-0.254140258
1.55272889
-0.8240196
1.69662189
-0.515334964
0.899364352
0.269318223
0.260425568
0.439676434
0.689357162
-0.688964069
-0.891663432
-0.386183739
0.9496818
-1.25537634
-0.61755085
-0.659215
0.148125142
0.303538829
-0.177616179
0.0004273057
-0.2260569
1.32163966
-0.498834968
0.9452554
0.8083935
0.690396547
0.05834678
0.6322241
-0.234483778
-1.56022382
0.327672362
-0.37558338
0.35896647
-0.9080882
0.407913625
-0.141192675
0.5637043
0.394751519
-1.06411231
-0.8658234
1.92739153
-0.328551
-0.338658065
1.17629743
-0.202679366
0.234454811
0.448469877
0.09144238
0.179256678
0.0241592526
-1.23269629
-0.113109767
-0.3019784
-0.693974555
1.805802
0.185913682
0.858020842
-0.272285759
-1.31441009
-1.15061593
-0.00654763
0.04848677
0.129368484
-1.04366827
0.109590709
-0.8925937
0.209006786
0.4923538
0.295371979
0.3431972
0.829974651
-0.219721079
0.457221121
-0.226777568
0.0804414749
-0.100700855
-1.1073842
-0.380154431
0.308207184
-0.0200261772
-0.7434984
0.255147964
-0.823177755
-0.5642715
-1.22068834
-1.0794909
-0.648502
0.220738515
-0.5166687
0.738726437
-0.479999483
-0.2291762
-0.116722047
0.06441975
0.744902253
-0.3286709
-0.105688393
-0.893001735
-0.7415884
-0.260326445
1.52091217
0.269280821
-0.315853059
-0.491951048
0.491239935
-0.169369936
0.05240822
0.377182245
-0.0399184525
1.03683114
1.44153166
1.08520675
-0.5607449
0.413860619
0.5088679
-0.116841525
0.817904234
-0.7858931
0.2980435
0.710806
0.0255473256
-0.5592996
0.7628925
-0.7407652
0.276313841
0.433072329
-0.0289168954
1.70611441
0.707483351
-0.646045864
0.842100739
0.0227561
0.0372221172
0.109211028
-0.475930929
0.102163017
-1.65242386
0.443103164
-0.231600881
-0.621591151
1.28092432
0.2349053
-1.7266655
0.109895572
-0.774088264
0.985378265
-0.963716865
0.9215145
0.09421256
-0.305603385
0.805955946
-1.21698666
1.71611428
0.189451814
0.6725517
0.19637835
0.0641597956
0.131258667
-1.31202912
-0.268232465
-0.731587052
0.488518
0.255602539
-0.6397381
0.2266351
-0.347011149
-0.5839448
-0.4312641
0.3093859
0.243870676
-0.062435925
-0.6925578
0.279709935
0.25350982
-1.02712882
-0.5243497
-0.7055718
0.0160552263
0.159923062
-0.131159782
-0.545359731
0.4603009
-0.184257746
-0.4943269
-0.6138434
-0.6366294
0.18876487
0.7548077
0.401703358
0.168659568
-0.0788298249
-0.215464592
-0.439087421
-0.17779547
0.491925567
0.6882901
0.647192955
-1.20239961
1.76081371
0.552293837
0.798012
1.49090636
-0.227116168
60.0025635
36
